1977 Jan   34334  120188
1977 Feb   33198   95682
1977 Mar   41970  114501
1977 Apr   29527  113473
1977 May   38880  140156
1977 Jun   32837  117422
1977 Jul   27027   75095
1977 Aug   23497   79170
1977 Sep   35344  116405
1977 Oct   34146  103156
1977 Nov   31005  112532
1977 Dec   36503  128192
1978 Jan   31113  111449
1978 Feb   30658  107912
1978 Mar   41911  139130
1978 Apr   34971  119109
1978 May   37814  121603
1978 Jun   39481  122110
1978 Jul   27241   64917
1978 Aug   21217   88874
1978 Sep   33774  107490
1978 Oct   26298   79254
1978 Nov   24305   57521
1978 Dec   35735  103580
1979 Jan   32068   92277
1979 Feb   37505   99793
1979 Mar   50414  133312
1979 Apr   38072   96923
1979 May   40050  105456
1979 Jun   43386  114321
1979 Jul   31849   67244
1979 Aug   15434   43773
1979 Sep   25331   60136
1979 Oct   26436   71448
1979 Nov   32438   87801
1979 Dec   35457   97968
1980 Jan   37170   98386
1980 Feb   42773  101497
1980 Mar   43429   98244
1980 Apr   32448   80204
1980 May   35484   75729
1980 Jun   43856   95531
1980 Jul   33092   69378
1980 Aug   18540   51183
1980 Sep   27483   60994
1980 Oct   27663   66824
1980 Nov   25784   62728
1980 Dec   21448   63046
1981 Jan   17677   70053
1981 Feb   17425   77130
1981 Mar   22200   98469
1981 Apr   20566   90546
1981 May   15864   55034
1981 Jun   23036   99946
1981 Jul   17884   73327
1981 Aug    9964   56480
1981 Sep   20820   95454
1981 Oct   20755   90630
1981 Nov   21092   68237
1981 Dec   22272   79344
1982 Jan   17645   70451
1982 Feb   22654   88371
1982 Mar   29246   98563
1982 Apr   20435   65495
1982 May   23361   80938
1982 Jun   25492   82028
1982 Jul   20622   59222
1982 Aug   12062   51395
1982 Sep   26196   64754
1982 Oct   23143   77808
1982 Nov   24847   73767
1982 Dec   23095   74887
1983 Jan   23143   80650
1983 Feb   21415   87396
1983 Mar   25363   98104
1983 Apr   20134   76593
1983 May   20117  102728
1983 Jun   22474  107930
1983 Jul   14382   60441
1983 Aug   14380   78761
1983 Sep   21229   86681
1983 Oct   19550   89061
1983 Nov   23627  104094
1983 Dec   18700   72158
1984 Jan   21329   88963
1984 Feb   22738   86929
1984 Mar   25785   96867
1984 Apr   19633   77611
1984 May   19452   81390
1984 Jun   19963   75133
1984 Jul   14666   53944
1984 Aug   10696   66562
1984 Sep   19457   75956
1984 Oct   18080   80060
1984 Nov   18142   71531
1984 Dec   14884   53960
1985 Jan   22272  105517
1985 Feb   24049   94868
1985 Mar   23706   90898
1985 Apr   22939   89611
1985 May   26018  100893
1985 Jun   26615   93918
1985 Jul   21934   63885
1985 Aug   15393   82032
1985 Sep   23087   75654
1985 Oct   25585   89227
1985 Nov   19167   87004
1985 Dec   15208   74466
1986 Jan   18181   87146
1986 Feb   17393   80467
1986 Mar   18856   86144
1986 Apr   23274  102061
1986 May   18272   74568
1986 Jun   21380   90387
1986 Jul   18217   73311
1986 Aug   12899   64746
1986 Sep   17971   82331
1986 Oct   23389  103047
1986 Nov   20184   93043
1986 Dec   18669   81711
1987 Jan   19687   82402
1987 Feb   21195   95465
1987 Mar   21219  105366
1987 Apr   21746  109580
1987 May   17865   83389
1987 Jun   21159  109103
1987 Jul   19436   90074
1987 Aug   12895   76607
1987 Sep   23100   93039
1987 Oct   25617  120253
1987 Nov   23704   93177
1987 Dec   19105   84228
1988 Jan   23011  104430
1988 Feb   17379   88806
1988 Mar   24276  112893
1988 Apr   28300  113108
1988 May   27357  105083
1988 Jun   28289  103915
1988 Jul   29286  108270
1988 Aug   15637   63262
1988 Sep   27570   85191
1988 Oct   34896  128744
1988 Nov   33295  116899
1988 Dec   28047   96234
1989 Jan   28208  110900
1989 Feb   29644  114627
1989 Mar   32143  130477
1989 Apr   31256  120843
1989 May   28665  113874
1989 Jun   30371  126823
1989 Jul   21376   94855
1989 Aug   17108   73761
1989 Sep   27181  101817
1989 Oct   29912  111974
1989 Nov   31295  124286
1989 Dec   19431   74845
1990 Jan   24074  105222
1990 Feb   16181   95452
1990 Mar   28810  126014
1990 Apr   25271  102544
1990 May   27735  107563
1990 Jun   29931  116952
1990 Jul   21813   90393
1990 Aug   16139   81711
1990 Sep   21645  102153
1990 Oct   21941  133356
1990 Nov   23657  142417
1990 Dec   13149   91833
1991 Jan   18486  113472
1991 Feb   18830  109160
1991 Mar   20647  123531
1991 Apr   18100  111138
1991 May   16963  111996
1991 Jun   18414  125077
1991 Jul   16315  102007
1991 Aug    8357   57388
1991 Sep   16400   90613
1991 Oct   20065   97130
1991 Nov   27806  116376
1991 Dec   16758   79012
1992 Jan   16400   95245
1992 Feb   21255  114192
1992 Mar   29194  133881
1992 Apr   22541  108902
1992 May   22106  105324
1992 Jun   27437  129203
1992 Jul   24158  118514
1992 Aug   12340   53156
1992 Sep   19303  103716
1992 Oct   19486  117647
1992 Nov   19169  116799
1992 Dec   15064   95301
1993 Jan   18813  109127
1993 Feb   18275  111091
1993 Mar   22128  144303
1993 Apr   14960  113301
1993 May   14909  130415
1993 Jun   16769  134732
1993 Jul   12178  118101
1993 Aug    5506   66653
1993 Sep   18049  116044
1993 Oct   18701  116426
1993 Nov   21940  128402
1993 Dec   11239   86929
1994 Jan   16491  100768
1994 Feb   19567  114112
1994 Mar   24315  147656
1994 Apr   17417  115720
1994 May   17551  128537
1994 Jun   21412  144876
1994 Jul   15470  127148
1994 Aug   12245   71046
1994 Sep   20774  125128
1994 Oct   21081  131305
1994 Nov   25725  157613
1994 Dec   15767  102914
1995 Jan   17651  119412
1995 Feb   21167  131704
1995 Mar   26376  170530
1995 Apr   19850  122476
1995 May   21505  140657
1995 Jun   24697  153690
1995 Jul   18194  127981
1995 Aug   14088   72550
1995 Sep   20163  111182
1995 Oct   17136  129192
1995 Nov   19213  153493
1995 Dec   12961   99217
1996 Jan   20018  135317
1996 Feb   20609  138925
1996 Mar   21669  148740
1996 Apr   22172  133969
1996 May   22185  141395
1996 Jun   21102  152358
1996 Jul   18044  154858
1996 Aug   11271   81889
1996 Sep   20021  140103
1996 Oct   22913  179967
1996 Nov   20597  156989
1996 Dec   17713  121624
1997 Jan   20349  148342
1997 Feb   20981  145927
1997 Mar   20500  141956
1997 Apr   21135  162551
1997 May   18560  123661
1997 Jun   20104  155275
1997 Jul   20338  158731
1997 Aug    9146   65629
1997 Sep   23025  145206
1997 Oct   23860  167272
1997 Nov   21667  154291
1997 Dec   18041  129160
1998 Jan   20110  152223
1998 Feb   19012  147840
1998 Mar   20993  162379
1998 Apr   20182  161546
1998 May   17908  134446
1998 Jun   21762  172240
1998 Jul   19344  168974
1998 Aug    9797   77690
1998 Sep   20361  156972
1998 Oct   20515  149359
1998 Nov   21244  150355
1998 Dec   16151  114234
1999 Jan   18480  142843
1999 Feb   17582  148525
1999 Mar   17307  169128
1999 Apr   15798  144459
1999 May   17102  147026
1999 Jun   17646  157447
1999 Jul   13041  143731
1999 Aug    7579   96410
1999 Sep   15578  167646
1999 Oct   15022  155295
1999 Nov   17576  171584
1999 Dec   13194  142529
2000 Jan   13222  146990
2000 Feb   17166  162164
2000 Mar   19584  185157
2000 Apr   15766  124971
2000 May   17170  152008
2000 Jun   19125  156261
2000 Jul   13372  126372
2000 Aug    5885   74761
2000 Sep    9992  133973
2000 Oct   13872  131522
2000 Nov   16189  150716
2000 Dec   11099   96557
2001 Jan   17580  128921
2001 Feb   16290  124163
2001 Mar   17753  134016
2001 Apr   14172  112547
2001 May   15563  127176
2001 Jun   19940  132672
2001 Jul   14055  114878
2001 Aug   11960   89350
2001 Sep   17332  131562
2001 Oct   17607  145984
2001 Nov   17588  144989
2001 Dec   13033  106107
2002 Jan   16690  154368
2002 Feb   17393  147552
2002 Mar   15857  147835
2002 Apr   16535  129541
2002 May   15753  159959
2002 Jun   12223  112752
2002 Jul   15220  134549
2002 Aug    9791  112800
2002 Sep   19833  144498
2002 Oct   19764  149654
2002 Nov   18807  138769
2002 Dec   13401   97467
2003 Jan   15818  136101
2003 Feb   16293  136346
2003 Mar   17256  151878
2003 Apr   14645  144816
2003 May   13964  133067
2003 Jun   18026  155397
2003 Jul   15212  146292
2003 Aug    7808   91376
2003 Sep   17107  153545
2003 Oct   16757  153370
2003 Nov   18958  142926
2003 Dec   17027  112444
2004 Jan   20506  141320
2004 Feb   17335  141093
2004 Mar   20249  163116
2004 Apr   15694  129616
2004 May   16907  143134
2004 Jun   18163  155451
2004 Jul   14908  140497
2004 Aug   10207   83239
2004 Sep   21722  155321

